350.0 0.541 450.0 0.1 
351.0 0.549 451.0 0.097 
352.0 0.556 452.0 0.095 
353.0 0.564 453.0 0.091 
354.0 0.572 454.0 0.09 
355.0 0.579 455.0 0.091 
356.0 0.587 456.0 0.084 
357.0 0.595 457.0 0.09 
358.0 0.6 458.0 0.088 
359.0 0.605 459.0 0.081 
360.0 0.606 460.0 0.078 
361.0 0.605 461.0 0.074 
362.0 0.607 462.0 0.076 
363.0 0.608 463.0 0.082 
364.0 0.609 464.0 0.082 
365.0 0.606 465.0 0.08 
366.0 0.596 466.0 0.069 
367.0 0.578 467.0 0.071 
368.0 0.556 468.0 0.073 
369.0 0.539 469.0 0.062 
370.0 0.53 470.0 0.065 
371.0 0.52 471.0 0.065 
372.0 0.509 472.0 0.07 
373.0 0.498 473.0 0.069 
374.0 0.484 474.0 0.062 
375.0 0.468 475.0 0.066 
376.0 0.452 476.0 0.061 
377.0 0.438 477.0 0.065 
378.0 0.422 478.0 0.059 
379.0 0.41 479.0 0.062 
380.0 0.393 480.0 0.06 
381.0 0.381 481.0 0.059 
382.0 0.375 482.0 0.058 
383.0 0.36 483.0 0.061 
384.0 0.352 484.0 0.066 
385.0 0.343 485.0 0.094 
386.0 0.336 486.0 0.06 
387.0 0.333 487.0 0.027 
388.0 0.327 488.0 0.049 
389.0 0.315 489.0 0.056 
390.0 0.307 490.0 0.056 
391.0 0.306 491.0 0.052 
392.0 0.308 492.0 0.055 
393.0 0.299 493.0 0.055 
394.0 0.293 494.0 0.051 
395.0 0.286 495.0 0.051 
396.0 0.282 496.0 0.059 
397.0 0.283 497.0 0.047 
398.0 0.285 498.0 0.058 
399.0 0.273 499.0 0.051 
400.0 0.267 500.0 0.049 
401.0 0.265 501.0 0.056 
402.0 0.262 502.0 0.05 
403.0 0.261 503.0 0.05 
404.0 0.263 504.0 0.05 
405.0 0.263 505.0 0.051 
406.0 0.253 506.0 0.047 
407.0 0.246 507.0 0.048 
408.0 0.249 508.0 0.048 
409.0 0.249 509.0 0.047 
410.0 0.246 510.0 0.049 
411.0 0.245 511.0 0.05 
412.0 0.252 512.0 0.046 
413.0 0.25 513.0 0.047 
414.0 0.243 514.0 0.046 
415.0 0.243 515.0 0.045 
416.0 0.243 516.0 0.046 
417.0 0.242 517.0 0.044 
418.0 0.238 518.0 0.046 
419.0 0.238 519.0 0.045 
420.0 0.239 520.0 0.043 
421.0 0.241 521.0 0.044 
422.0 0.233 522.0 0.043 
423.0 0.228 523.0 0.043 
424.0 0.216 524.0 0.044 
425.0 0.214 525.0 0.043 
426.0 0.211 526.0 0.044 
427.0 0.22 527.0 0.042 
428.0 0.21 528.0 0.042 
429.0 0.216 529.0 0.043 
430.0 0.215 530.0 0.04 
431.0 0.201 531.0 0.041 
432.0 0.197 532.0 0.043 
433.0 0.215 533.0 0.043 
434.0 0.199 534.0 0.041 
435.0 0.199 535.0 0.042 
436.0 0.204 536.0 0.038 
437.0 0.198 537.0 0.042 
438.0 0.203 538.0 0.043 
439.0 0.196 539.0 0.041 
440.0 0.2 540.0 0.04 
441.0 0.208 541.0 0.043 
442.0 0.191 542.0 0.041 
443.0 0.196 543.0 0.04 
444.0 0.192 544.0 0.041 
445.0 0.191 545.0 0.038 
446.0 0.188 546.0 0.041 
447.0 0.184 547.0 0.045 
448.0 0.183 548.0 0.041 
449.0 0.18 549.0 0.039 
450.0 0.175 550.0 0.042 
451.0 0.172 551.0 0.042 
452.0 0.17 552.0 0.044 
453.0 0.166 553.0 0.042 
454.0 0.165 554.0 0.044 
455.0 0.166 555.0 0.046 
456.0 0.159 556.0 0.045 
457.0 0.165 557.0 0.047 
458.0 0.163 558.0 0.045 
459.0 0.155 559.0 0.048 
460.0 0.152 560.0 0.049 
461.0 0.148 561.0 0.046 
462.0 0.15 562.0 0.047 
463.0 0.157 563.0 0.047 
464.0 0.157 564.0 0.048 
465.0 0.154 565.0 0.045 
466.0 0.143 566.0 0.048 
467.0 0.145 567.0 0.048 
468.0 0.147 568.0 0.048 
469.0 0.136 569.0 0.055 
470.0 0.139 570.0 0.043 
471.0 0.139 571.0 0.052 
472.0 0.144 572.0 0.043 
473.0 0.143 573.0 0.057 
474.0 0.136 574.0 0.046 
475.0 0.14 575.0 0.048 
476.0 0.135 576.0 0.049 
477.0 0.139 577.0 0.058 
478.0 0.133 578.0 0.044 
479.0 0.136 579.0 0.055 
480.0 0.134 580.0 0.047 
481.0 0.133 581.0 0.074 
482.0 0.131 582.0 0.035 
483.0 0.135 583.0 0.042 
484.0 0.14 584.0 0.066 
485.0 0.169 585.0 0.056 
486.0 0.134 586.0 0.048 
487.0 0.099 587.0 0.059 
488.0 0.122 588.0 0.052 
489.0 0.129 589.0 0.052 
490.0 0.129 590.0 0.055 
491.0 0.125 591.0 0.059 
492.0 0.128 592.0 0.075 
493.0 0.128 593.0 0.067 
494.0 0.124 594.0 0.066 
495.0 0.124 595.0 0.076 
496.0 0.133 596.0 0.07 
497.0 0.12 597.0 0.085 
498.0 0.131 598.0 0.099 
499.0 0.124 599.0 0.101 
500.0 0.122 600.0 0.111 
501.0 0.129 601.0 0.123 
502.0 0.123 602.0 0.136 
503.0 0.123 603.0 0.151 
504.0 0.123 604.0 0.151 
505.0 0.124 605.0 0.173 
506.0 0.12 606.0 0.174 
507.0 0.121 607.0 0.181 
508.0 0.121 608.0 0.178 
509.0 0.12 609.0 0.18 
510.0 0.122 610.0 0.172 
511.0 0.123 611.0 0.165 
512.0 0.119 612.0 0.156 
513.0 0.12 613.0 0.152 
514.0 0.119 614.0 0.145 
515.0 0.118 615.0 0.139 
516.0 0.119 616.0 0.129 
517.0 0.117 617.0 0.128 
518.0 0.119 618.0 0.118 
519.0 0.118 619.0 0.119 
520.0 0.116 620.0 0.11 
521.0 0.117 621.0 0.107 
522.0 0.116 622.0 0.105 
523.0 0.116 623.0 0.1 
524.0 0.117 624.0 0.095 
525.0 0.116 625.0 0.089 
526.0 0.117 626.0 0.089 
527.0 0.115 627.0 0.087 
528.0 0.115 628.0 0.087 
529.0 0.116 629.0 0.091 
530.0 0.113 630.0 0.092 
531.0 0.114 631.0 0.092 
532.0 0.116 632.0 0.097 
533.0 0.116 633.0 0.1 
534.0 0.114 634.0 0.105 
535.0 0.115 635.0 0.114 
536.0 0.111 636.0 0.125 
537.0 0.115 637.0 0.132 
538.0 0.116 638.0 0.141 
539.0 0.114 639.0 0.147 
540.0 0.113 640.0 0.154 
541.0 0.116 641.0 0.16 
542.0 0.114 642.0 0.163 
543.0 0.113 643.0 0.169 
544.0 0.114 644.0 0.168 
545.0 0.111 645.0 0.17 
546.0 0.114 646.0 0.17 
547.0 0.118 647.0 0.17 
548.0 0.114 648.0 0.169 
549.0 0.112 649.0 0.168 
550.0 0.115 650.0 0.167 
551.0 0.115 651.0 0.17 
552.0 0.117 652.0 0.172 
553.0 0.115 653.0 0.174 
554.0 0.117 654.0 0.172 
555.0 0.119 655.0 0.263 
556.0 0.118 656.0 0.246 
557.0 0.12 657.0 0.147 
558.0 0.118 658.0 0.227 
559.0 0.121 659.0 0.266 
560.0 0.122 660.0 0.307 
561.0 0.119 661.0 0.355 
562.0 0.12 662.0 0.407 
563.0 0.12 663.0 0.469 
564.0 0.121 664.0 0.537 
565.0 0.118 665.0 0.611 
566.0 0.121 666.0 0.686 
567.0 0.121 667.0 0.757 
568.0 0.121 668.0 0.817 
569.0 0.128 669.0 0.878 
570.0 0.116 670.0 0.935 
571.0 0.125 671.0 0.97 
572.0 0.116 672.0 0.996 
573.0 0.13 673.0 1.0 
574.0 0.119 674.0 0.992 
575.0 0.121 675.0 0.971 
576.0 0.122 676.0 0.942 
577.0 0.131 677.0 0.895 
578.0 0.117 678.0 0.844 
579.0 0.128 679.0 0.781 
580.0 0.12 680.0 0.71 
581.0 0.148 681.0 0.639 
582.0 0.107 682.0 0.567 
583.0 0.115 683.0 0.497 
584.0 0.14 684.0 0.433 
585.0 0.129 685.0 0.373 
586.0 0.121 686.0 0.317 
587.0 0.133 687.0 0.27 
588.0 0.125 688.0 0.228 
589.0 0.125 689.0 0.194 
590.0 0.128 690.0 0.163 
591.0 0.133 691.0 0.138 
592.0 0.149 692.0 0.116 
593.0 0.141 693.0 0.1 
594.0 0.14 694.0 0.081 
595.0 0.15 695.0 0.072 
596.0 0.144 696.0 0.059 
597.0 0.16 697.0 0.056 
598.0 0.174 698.0 0.044 
599.0 0.176 699.0 0.039 
600.0 0.187 700.0 0.035 
601.0 0.199 701.0 0.03 
602.0 0.213 702.0 0.028 
603.0 0.229 703.0 0.024 
604.0 0.229 704.0 0.021 
605.0 0.251 705.0 0.018 
606.0 0.253 706.0 0.019 
607.0 0.26 707.0 0.017 
608.0 0.257 708.0 0.013 
609.0 0.259 709.0 0.012 
610.0 0.25 710.0 0.012 
611.0 0.243 711.0 0.011 
612.0 0.234 712.0 0.01 
613.0 0.23 713.0 0.011 
614.0 0.222 714.0 0.009 
615.0 0.216 715.0 0.008 
616.0 0.206 716.0 0.007 
617.0 0.204 717.0 0.007 
618.0 0.194 718.0 0.009 
619.0 0.195 719.0 0.007 
620.0 0.186 720.0 0.006 
621.0 0.183 721.0 0.007 
622.0 0.181 722.0 0.005 
623.0 0.175 723.0 0.006 
624.0 0.17 724.0 0.006 
625.0 0.164 725.0 0.007 
626.0 0.164 726.0 0.006 
627.0 0.162 727.0 0.005 
628.0 0.162 728.0 0.006 
629.0 0.166 729.0 0.005 
630.0 0.167 730.0 0.006 
631.0 0.167 731.0 0.005 
632.0 0.172 732.0 0.003 
633.0 0.175 733.0 0.004 
634.0 0.181 734.0 0.005 
635.0 0.19 735.0 0.002 
636.0 0.201 736.0 0.004 
637.0 0.209 737.0 0.001 
638.0 0.218 738.0 0.001 
639.0 0.224 739.0 0.004 
640.0 0.232 740.0 0.001 
641.0 0.238 741.0 0.0 
642.0 0.241 742.0 0.002 
643.0 0.247 743.0 0.001 
644.0 0.246 744.0 0.001 
645.0 0.248 745.0 0.001 
646.0 0.248 746.0 0.0 
647.0 0.248 747.0 0.002 
648.0 0.247 748.0 0.0 
649.0 0.246 749.0 0.002 
650.0 0.245 750.0 0.002 
651.0 0.248 	 	 
652.0 0.25 	 	 
653.0 0.252 	 	 
654.0 0.25 	 	 
655.0 0.345 	 	 
656.0 0.328 	 	 
657.0 0.224 	 	 
658.0 0.308 	 	 
659.0 0.348 	 	 
660.0 0.391 	 	 
661.0 0.441 	 	 
662.0 0.496 	 	 
663.0 0.56 	 	 
664.0 0.631 	 	 
665.0 0.708 	 	 
666.0 0.786 	 	 
667.0 0.861 	 	 
668.0 0.923 	 	 
669.0 0.987 	 	 
670.0 1.046 	 	 
671.0 1.083 	 	 
672.0 1.11 	 	 
673.0 1.114 	 	 
674.0 1.106 	 	 
675.0 1.084 	 	 
676.0 1.053 	 	 
677.0 1.004 	 	 
678.0 0.951 	 	 
679.0 0.886 	 	 
680.0 0.812 	 	 
681.0 0.737 	 	 
682.0 0.662 	 	 
683.0 0.589 	 	 
684.0 0.523 	 	 
685.0 0.46 	 	 
686.0 0.402 	 	 
687.0 0.353 	 	 
688.0 0.309 	 	 
689.0 0.273 	 	 
690.0 0.241 	 	 
691.0 0.215 	 	 
692.0 0.192 	 	 
693.0 0.175 	 	 
694.0 0.156 	 	 
695.0 0.146 	 	 
696.0 0.133 	 	 
697.0 0.129 	 	 
698.0 0.117 	 	 
699.0 0.112 	 	 
700.0 0.107 	 	 
701.0 0.102 	 	 
702.0 0.1 	 	 
703.0 0.096 	 	 
704.0 0.093 	 	 
705.0 0.09 	 	 
706.0 0.091 	 	 
707.0 0.089 	 	 
708.0 0.085 	 	 
709.0 0.083 	 	 
710.0 0.083 	 	 
711.0 0.082 	 	 
712.0 0.081 	 	 
713.0 0.082 	 	 
714.0 0.08 	 	 
715.0 0.079 	 	 
716.0 0.078 	 	 
717.0 0.078 	 	 
718.0 0.08 	 	 
719.0 0.078 	 	 
720.0 0.077 	 	 
721.0 0.078 	 	 
722.0 0.076 	 	 
723.0 0.077 	 	 
724.0 0.077 	 	 
725.0 0.078 	 	 
726.0 0.077 	 	 
727.0 0.076 	 	 
728.0 0.077 	 	 
729.0 0.076 	 	 
730.0 0.077 	 	 
731.0 0.076 	 	 
732.0 0.074 	 	 
733.0 0.075 	 	 
734.0 0.076 	 	 
735.0 0.073 	 	 
736.0 0.075 	 	 
737.0 0.072 	 	 
738.0 0.072 	 	 
739.0 0.075 	 	 
740.0 0.072 	 	 
741.0 0.071 	 	 
742.0 0.073 	 	 
743.0 0.072 	 	 
744.0 0.072 	 	 
745.0 0.072 	 	 
746.0 0.071 	 	 
747.0 0.073 	 	 
748.0 0.071 	 	 
749.0 0.073 	 	 
